num_shots = 3
sweep_type = "mot_imaging"

[beam_powers]
start = 1.4
stop = 2.3
num_points = 10

[beam_frequencies]
start = 6.211045430761255
stop = 6.211045430761255
num_points = 1

[pulse_lengths]
start = 200
stop = 1000
step = 5