num_shots = 2
sweep_type = "mot_imaging"

[beam_powers]
start = 1.5
stop = 2.39
num_points = 10

[beam_frequencies]
start = 6.211045430761255
stop = 6.211045430761255
num_points = 1

[pulse_lengths]
start = 500
stop = 500
step = 0